1
Wizard,-107.11819,19.897005,0
Ball,-91.96317,20.576406
Ball,-89.41549,19.952991
Ball,-87.1207,19.384348
Ball,-84.43302,18.57772
Shards,44.0,7.5049887
Shards,29.0,21.504995
Shards,14.0,17.504995
Shards,-1.0,17.504995
Shards,-16.0,29.504995
Shards,-35.252243,29.504995
Shards,-46.0,25.504995
Shards,-61.0,21.504995
Shards,-76.0,15.504998
Shards,-84.25203,15.563723
Goblin,-33.506374,30.504995
Golem,50.145527,8.504975
Platforms,70.1,-6.0,5.0,19.0,
Platforms,48.0,4.0,9.0,3.0,
Platforms,24.0,-2.0,6.0,23.0,
Platforms,6.0,-4.0,9.0,21.0,
Platforms,-21.0,2.0,15.0,27.0,
Platforms,-44.0,0.0,5.0,25.0,
Platforms,-61.0,-2.0,9.0,23.0,
Platforms,-80.0,-5.0,7.0,20.0,
Platforms,-100.5,-3.0,10.0,22.0,
